0.05742562462472253 0.11438779145479203 0.7242866501101741
0.07894157904993605 0.12684190941077692 0.7414525093855682
0.09521851961259489 0.14186107674130688 0.771918825838301
0.09918999006350836 0.1418262294265959 0.7757122951083714
0.09904983364597515 0.14231774327379687 0.7743364259931776
0.1051210133207065 0.1446199685887054 0.7829105749836675
0.10781281052088296 0.1440721502017092 0.7841357499581796
0.10424681162944546 0.1443794654475318 0.7818795425803573
0.1025572530263 0.14369858218563927 0.7792896349341781
0.10419527945419152 0.14504342918042784 0.7819359335192928
0.10422467585515093 0.1438078199326992 0.7796140684904875
0.10495151307571818 0.14469896766874527 0.7819006548104462
0.1058789080850504 0.14458925874144943 0.7832419851974205
0.10627333764952641 0.1445575678072594 0.7826569746158741
0.10643720055895824 0.14530684833725294 0.7830710811968203
0.10486688261782681 0.144353909133761 0.7812112364062557
0.10607051491737365 0.14480013681230722 0.7830553199626782
0.1097201612757312 0.14615929866830507 0.7877298011603179
0.10658800175344503 0.14374051509632005 0.781604623971162
0.11035390778548188 0.1446148728772446 0.7872565563519796
0.10594883867435985 0.14477573707699776 0.782131735307199
0.10786177158907607 0.1455697908004125 0.7848192815427427
0.10184728745785024 0.14436662184419455 0.7770038210021125
0.10401095190257938 0.14458578085457838 0.7788802622865747
0.10436950870962054 0.14399460530943342 0.7784884659449259
0.1052956995892304 0.14525110654808857 0.7811926218315407
0.10422785413210038 0.14473553259615546 0.7777321357197232
0.10292173234400925 0.14446159741392842 0.7768100957517271
0.10537152443771008 0.14457407401115807 0.7794570487516898
0.11016446172087281 0.14578090854816966 0.7859839213335955
0.10889019135523725 0.1446137195384061 0.7823680288703353
0.10420218560706686 0.14453887020548184 0.7775428104400635
0.0995212101329256 0.14295624570714102 0.7706151094260039
0.10113817591082166 0.1432198655384558 0.7722088859699391
0.10800353533139935 0.1441400335453175 0.7799592661857605
0.10997702125597883 0.14512157124501687 0.7822660083240933
0.10500249384729951 0.14435853873138074 0.7762593402685942
0.10534725225634045 0.14474451676011085 0.7760666241469206
0.10774707231532644 0.14432288922093534 0.7788495858510335
0.10702048810543838 0.14446414929297235 0.7768855954982616
0.10480182352993224 0.1437008700657774 0.7732530026082639
0.10531804085881621 0.1440770221694752 0.7713341357972887
0.10444125765451678 0.1431508060682703 0.7694382997795387
0.10277472010365239 0.1432542860618344 0.7644125548998515
0.1027402369402073 0.14328232400947147 0.7615467513932123
0.10247645043940456 0.14339514578934068 0.7585312952818694
0.09880936331771038 0.1439645487346031 0.7532997138411911
0.10222311280115887 0.14203951347757268 0.7526239058706495
0.10372138597347118 0.1438394590108483 0.7544812675317129
0.10124306428211707 0.1429838637345367 0.7483735295578285
0.10021215237125203 0.14201320457237737 0.7431987780994839
0.10329981960632183 0.14221367988873412 0.7450255331286678
0.10104288328301024 0.14248808228859194 0.7406133491021616
0.10157545186855176 0.14248536029347666 0.740584793444033
0.10029527647351777 0.14175357900283955 0.7348811976114908
0.10227165176084747 0.14254339205446068 0.7362872614683929
0.10067303723483174 0.14238615364940077 0.7324518727373194
0.10408379687479248 0.14328195427302962 0.7346099310451084
0.10237629523983709 0.14206465447942415 0.7308425595142223
0.09957287688498144 0.14200844350236433 0.7259350746649283
0.10107115087409814 0.14130401050602948 0.7234027195859838
0.0997970766822497 0.1414314449109413 0.7205520134501987
0.0992922675030099 0.14147969075375133 0.7185039598411984
0.10052815386542567 0.1423624639985738 0.7185376286506653
0.09999732580449847 0.14208276205592685 0.714524295065138
0.10195316838721434 0.14210284735317583 0.7158086423962204
0.10025409375351887 0.14129618319096388 0.7117437876595392
0.10102734096348286 0.14135550867076274 0.7105033794597343
0.0979735153582361 0.14106472334376088 0.7044185520101477
0.09685747156540553 0.14144395874054344 0.702920024836505
0.09989836747171703 0.14167733080961087 0.7042967776015953
0.09622372550820862 0.1406374344781593 0.6985941632588705
0.09598910954539423 0.13963025422559844 0.694754345593629
0.09525105596416526 0.13980396590299077 0.6935656911796994
0.09629900100054564 0.13971618373636846 0.6925162902584783
0.09734496124364711 0.1410324924411597 0.6948726279205746
0.09442001850240761 0.1387408457696438 0.6862929210839448
0.09779463863483182 0.1402979382375876 0.6909391302974136
0.09686820566102311 0.139459898394567 0.6878433788264239
0.0965428507797144 0.1409245479658798 0.6885700092050764
0.09615063303874599 0.14013759487756977 0.6865423234303792
0.10052948305452311 0.14106304598627267 0.6919691923812583
0.09958632812455849 0.14030814490936422 0.6888527272807228
0.09853384338319301 0.1401934894864206 0.6862528879554184
0.09903444395848998 0.14059287798073555 0.6869139529157567
0.09816679739841709 0.13990548408693737 0.6839714031749301
0.09323563565534573 0.13793341078692012 0.6770286899142796
0.0946922186927663 0.13913597994380528 0.6791288133020754
0.10025313367446263 0.14126066605801935 0.6863887159029642
0.09667356562283304 0.14009781243072617 0.6795918307480988
0.09456053167305611 0.13913287965787782 0.6770883431699541
0.0963585410018762 0.14032710963377246 0.6790171096060011
0.0946451724982924 0.138206937616622 0.6736991921619133
0.09802185007543475 0.13958803158667352 0.6788552332365955
0.09638295545346207 0.14010117930946528 0.6771472620522534
0.09859687296604669 0.13990848298977923 0.6787219577365451
0.09835756490351977 0.1406834720019941 0.6789851012494829
0.09717172905250832 0.13960732416974173 0.6759112222989401
0.09797512215596658 0.13975947271894526 0.6753306173836744
0.09534853631147631 0.13883693242514575 0.671522146154333
0.09376726671501442 0.13916240686619724 0.6692977993576615
0.10076648030844 0.13986302093223288 0.6767780458485638
0.09578570874752822 0.13948013602031603 0.6722887320871707
0.09448210568063789 0.13885389019493705 0.66876109207118
0.09527713134056992 0.13911975292144 0.6706312556619998
0.0958790346648958 0.1396283366172402 0.6706907505900771
0.09533539417441245 0.13775846580112422 0.666401866806878
0.09493741183645195 0.13937191835708088 0.669034653990357
0.09399974128714314 0.13792768513714826 0.6656561184812475
0.09840979666897544 0.1395021433410821 0.6722301464610629
0.09915749174853165 0.13960574889072666 0.6730130651703587
0.09503921443113575 0.13863551069189 0.6660387493062903
0.09488392172588242 0.13980860703521306 0.6671832131897961
0.09111640283906901 0.13808613117646287 0.6600107758575016
0.09907040278116862 0.14063425059671755 0.6721923564981531
0.09601035141834506 0.13982629609880623 0.6660401089103134
0.0962544899571825 0.13869904283020232 0.6661946631360937
0.09264955956902769 0.1383607910518293 0.6607195372934694
0.09659341162829488 0.13962812649431053 0.6672290158713305
0.09386406960034811 0.13770653793105372 0.660499197906918
0.09447284749260655 0.13956049728172798 0.6625332571400536
0.0951548013974119 0.13853642426707127 0.6628959194377616
0.09658187649868152 0.13892973081933127 0.6644534113672045
0.09735805432553644 0.1395919509783939 0.665077511911039
0.09478383271230592 0.13844125361906157 0.6612218984409615
0.09479126887189017 0.14030601046151586 0.6625974731533616
0.09553915486843498 0.14111123066257547 0.6657893354362912
0.09891792387874038 0.14409142879976167 0.6739722819240005
0.09939616632682306 0.14535913892366267 0.6769355874149887
0.09956060957577494 0.14451904871397547 0.676064571318803
0.09538826282101649 0.14207407253207985 0.6668848017851512
0.09608054037447329 0.139971565703551 0.6637799004272178
0.0974846050446784 0.14150264237765914 0.667508050026717
0.09456325306384651 0.13898008280330235 0.6603793261669301
0.09554964840136193 0.13907224223569586 0.6609619036427251
0.09298237583703466 0.1387300593930262 0.6575684048511364
0.09357636655370394 0.13904117392721 0.658101622970016
0.09571433440954596 0.13928393838582215 0.6614041714315061
0.09409338352304918 0.1385523721354979 0.6580064555892238
0.09339149874669535 0.1376680910145795 0.6553476744669455
0.09382186049664462 0.13755096243487464 0.6540501034701312
0.09434168116913902 0.1389006143146091 0.6574378758889657
0.09312400080539562 0.13843669791464452 0.6563496011716348
0.094810081847288 0.13840214682949914 0.6561748241053688
0.09437450028955936 0.13938728345213114 0.6559290542425933
0.09505990221820496 0.13967184387975268 0.6576505096311922
0.09364431460146551 0.13926255401085924 0.6548320132273214
0.09373708777681546 0.13814143252041605 0.6538519033679255
0.09462381626444834 0.13918166545254212 0.6562379266156091
0.09310703837209278 0.13774154635491195 0.6515584752294752
0.0918909977817977 0.1383593336906698 0.6517875184394695
0.09354795375355968 0.13706911484952325 0.6508877361703802
0.09567791836681189 0.1385413780477312 0.6549014899465773
0.0929821430698589 0.13760779558508485 0.6499577663562915
0.09220724447181931 0.13794320166662888 0.6494670511175085
0.09349485637689078 0.13814721230003568 0.6513093404416684
0.09306715580324332 0.13819032730327713 0.6498466295224649
0.0944399047229025 0.13939576358706862 0.6523219445016649
0.09078661181032657 0.13656464725180908 0.6452235555207287
0.09406452829639117 0.13796458893352084 0.6511890282454315
0.0950679858746352 0.13853338925374878 0.6517840756751873
0.09277927531964249 0.13747288700055194 0.6484853906543167
0.09036869206086354 0.13687355827402187 0.6434764046139188
0.09131119422062679 0.1376594932653286 0.6453318201171028
0.09248410920302073 0.13834800368105923 0.6458243518405491
0.09253980431291792 0.1378748341622176 0.6467790173601221
0.09350253614010634 0.13734254419251724 0.6473561379644606
0.09673187720278899 0.1390159291525682 0.65204464757884
0.09437186493917747 0.13809156433299735 0.6479050611125098
0.09454331065493601 0.13913762654971193 0.6493133875617274
0.0919819373195922 0.13758119138854522 0.64435587282534
0.0918315990379563 0.1386125816680767 0.6462580638903158
0.09202231421238846 0.138609671636864 0.6459427951441871
0.09252548982147817 0.13736629472286613 0.6451144515143501
0.093735313989498 0.1377974199641634 0.6460386733214061
0.09477536921975789 0.13817518455010874 0.6480762359831068
0.0925474963557941 0.13758994728326798 0.6435044074941565
0.09256317327971812 0.1377208106164579 0.6441382597993921
0.09080762822870855 0.13817484331903634 0.6424807171026866
0.09160058116747273 0.13739951286051008 0.6427910758389367
0.09284053404022147 0.13680105200520268 0.6419763844101517
0.09207080573947342 0.13723332496152985 0.6429880089671524
0.09570610182704749 0.13914624284814905 0.6487856698919225
0.09447562155348284 0.13793217834499147 0.6454099979665544
0.09327624418945224 0.1377522405816449 0.6428933767477671
0.09427330341879968 0.13812534323445072 0.6456518034581785
0.09273343569426624 0.13835699671948398 0.6435716866122352
0.09188712153721738 0.1371055571348579 0.6408061416060836
0.09251029406432752 0.13743673141355867 0.6427978399947838
0.09195048641551425 0.13767430796667382 0.6428901480745386
0.09079941913485527 0.13778875878563634 0.6400184509047756
0.08993754934381555 0.1366950070692433 0.6380496068795523
0.09450011786763315 0.13759071191151936 0.6437468560536702
0.09342100576394134 0.13769593004275252 0.6419987249815906
0.09352918916278415 0.13843457474200813 0.6436429557535384
0.09383272522853481 0.13820039473198079 0.6415615160376937
0.09276505339476797 0.13733149498701094 0.642246981550146
0.09404441581004196 0.13765581463774046 0.6413027211030324
0.09567218682832188 0.13844688804061325 0.6468687353752277
0.09198505116281686 0.13805820523036852 0.6400054912655442
0.08970306268996663 0.13702993395151916 0.6354173419210646
0.09079750118984116 0.13713793994100004 0.6366509799162546
0.09196029924960047 0.13767469575559652 0.639085638832163
0.09228241737518046 0.13772629152845453 0.6405382472497445
0.08918420117486406 0.13625851680835088 0.6344731856717004
0.09074254578738301 0.13755336358591363 0.6369954152901968
0.09183635214136707 0.13687446691923671 0.6375527683893839
0.09006386721299754 0.13742319714691903 0.6370928681338275
0.09122342762295847 0.1372027440369129 0.636465155725126
0.09291615219303855 0.13643335174631188 0.6383359041478899
0.09130061258044508 0.13682043107571426 0.6375076883810538
0.09223140442812884 0.13692615057583207 0.6380862266046029
0.09249337626276193 0.13781830944948725 0.638750321202808
0.09090142141337748 0.13671252534897238 0.636572823215414
0.09082748345202869 0.13690225995801114 0.6360252632476665
0.09091625697082943 0.13742795310086675 0.6365400438838534
0.09387769941378522 0.13732965109524903 0.6409678092267779
0.0908522030931932 0.13696672801066329 0.6357043298527046
0.09388079237882738 0.136581429541111 0.6384846148667512
0.09121087262199985 0.13604274411996206 0.6349163364039527
0.09221177214549647 0.13723014749310636 0.6377530400399809
0.09152020403080516 0.13725665242031768 0.6363643215762245
0.09061294903909718 0.13710500449494079 0.635846173454214
0.09061840054613572 0.1378290795672823 0.6356318106033184
0.0892635271201531 0.13693418441547286 0.6329805399311913
0.09082318900360001 0.13799889977331514 0.6358514229898099
0.0950153876868663 0.13816243735176545 0.6400722834357508
0.09106261908732079 0.13617825764748787 0.6348003934930873
0.0930847014348816 0.1374729326588136 0.6373198531733619
0.09360308178872974 0.1375544984859449 0.6373439680205452
0.09110508943597476 0.13661462762289578 0.6360782591943388
0.09254804523178825 0.13719638351488997 0.636125192951273
0.09100430829933397 0.136980809122324 0.6343596246507432
0.09131838107826533 0.1370658668930884 0.6355711737827019
0.09215036365169066 0.13672596754851166 0.6333850591271012
0.09182644796316271 0.13771279204774786 0.637537609912731
0.0916885118379637 0.136244909459794 0.6331390665195606
0.08945054009832717 0.13559805852947412 0.6322826866308848
0.09209404087728924 0.13779208899096207 0.6367907728972259
0.08965465835950993 0.13528102923874502 0.630874314043257
0.09087528605152059 0.13662040086256133 0.632129349399496
0.09448555742976843 0.138288912381287 0.638515306269681
0.09128864491703334 0.13720292160908382 0.6340290832519532
0.09156875841871456 0.13714311099714704 0.6352424082932648
0.09249599411255784 0.1385763295767484 0.6370981599224939
0.09316886682477263 0.1363756523805636 0.6355836382177141
0.0948201734572649 0.13770516665445434 0.639052513661208
0.08967467809440913 0.13631278940924893 0.630918497244517
0.09087440032925871 0.1370346801424468 0.632188201657048
0.09058665098967375 0.13622398900213065 0.630763921075397
0.09114311876396339 0.13752883902302496 0.6336712795275229
0.09011582631755759 0.13630383143822353 0.6310052426656088
0.09400631814091294 0.13806384804072203 0.6370825749414939
0.09140643670603081 0.13763139853874842 0.6320356454672637
0.08888885994200353 0.13570455581501678 0.6274844206704033
0.08903306868341233 0.13702617792619598 0.6292653513837744
0.08955539503031307 0.13662074509594174 0.6296102804166299
0.09207827271962607 0.1376066968507237 0.6333733802813071
0.09131399449926836 0.1371715995669365 0.6325509213518213
0.08876545808381504 0.1372109526671745 0.6285663820196081
0.0913136691958816 0.13683745544265818 0.6315956468052334
0.09034925033924757 0.13592756207342502 0.6289371104152114
0.09245905033416218 0.1379037614442684 0.6346946455814221
0.08991140203343498 0.1356516786802698 0.6286832206779056
0.09440803562877355 0.1382171280571708 0.6361822683281368
0.0915556827960191 0.13742211291635478 0.6320420057243771
0.08979629842219529 0.13609528425667022 0.6285218374375944
0.09050194990579728 0.1365342445395611 0.6306466864656519
0.0904656666158526 0.13666565747172743 0.6288235677613152
0.0925873020015381 0.1379661391675472 0.6342391384972467
0.0923927349017726 0.13561986653893082 0.6307413645143862
0.09364798698988226 0.13728038899324557 0.6334833303204289
0.09203958243683533 0.1369681155460852 0.6309856669991105
0.08909917724629243 0.1367782630909372 0.6290414399570889
0.09150702667457086 0.13693409814878746 0.631348522371716
0.08944158878591325 0.13620872217196006 0.6281788990674195
0.08935409269399112 0.13639374750079933 0.6273060424681063
0.09219276833037536 0.13779937932888667 0.6315518205254166
0.09137218113850665 0.13729666449405528 0.6305897049550657
0.0910398147172398 0.13666921298261042 0.6297985418637594
0.0887210565612272 0.13704964833127128 0.6261519683290411
0.08928119585745864 0.13607928846721296 0.627985366097203
0.09065637406651621 0.13699389223699215 0.6289450282079202
0.09191392982999484 0.13739626643282396 0.6306743893358443
0.09229816661112838 0.13654761546739824 0.6293357402307016
0.09118216985905613 0.135973766186723 0.6274642631301174
0.08839913848373625 0.13632390446133083 0.6249472122722202
0.08885166911339318 0.13517547891647727 0.6242584780410484
0.09258268368740877 0.13734720247763174 0.6313077255531594
0.09027812164414813 0.13632253460310123 0.6272493828226019
0.09171894556670278 0.13647458082547895 0.62818827924905
0.09126457413589513 0.13597811709399577 0.6271581148659742
0.0915731367993134 0.1373430140813192 0.6304178860893956
0.09188669343513471 0.13735460402237046 0.6313263184052926
0.0910229648815261 0.13629400174926828 0.6268585751233278
0.09082800824609068 0.1367671737516368 0.6272156611636833
0.09337044217244342 0.13849827465083864 0.6313495447017529
0.09144571892917157 0.13618754289768362 0.6263689432762287
0.09011353273634558 0.13498370183286842 0.6263122333420648
0.0921848031381766 0.13683203112747935 0.6293896838470742
0.0893307670481779 0.13578407438264953 0.6240917799649415
0.0915413498878479 0.13741226941347123 0.6287391610498781
0.08872942241805572 0.13599967435002328 0.6252544528025168
0.08862744177381197 0.13585411566827033 0.6230858415585977
0.08791579371525182 0.1354847661378207 0.6224083389617778
0.09195500281949838 0.13767449072665638 0.6297647045276783
0.09247818756158706 0.13752974313166405 0.6311540803644392
0.09308100453405468 0.13729778055239608 0.631005578438441
0.09208236907367354 0.13723840073854834 0.6300463915754247
0.09074627542661295 0.13730024893526677 0.6277367032457281
0.08927281879716449 0.13630803208660197 0.6271880361768934
0.09120232217841678 0.13610922493868405 0.6262339126180719
0.0899575960305002 0.1369914682926955 0.6251971060699887
0.0899539095632456 0.13632659371252412 0.6254777136555424
0.09024659518842344 0.1367321912723559 0.6256943544193551
0.09113606180857729 0.13603779772365535 0.62607840012621
0.0920518421271333 0.13681189160656046 0.6267479128749283
0.09085402882485479 0.1369730426647045 0.6264024240440792
0.0914735605319341 0.13727405946563792 0.626171551766219
0.09055724614196353 0.13685310346108895 0.6267515852716234
0.09154370064260783 0.13677556994336623 0.6267459522353278
0.0923180847145893 0.13667013986795037 0.626819194290373
0.09364950900000554 0.1365677690340413 0.6285521193345388
0.09246395902225264 0.13720740837079506 0.627201482101723
0.09024360244472822 0.13720087168945205 0.6250067763858371
0.08843938551015323 0.13554741182812938 0.6202256409327189
0.09235123229799447 0.13832198785410987 0.6277308233579
0.08926429188913769 0.13536228288654928 0.6207950750103703
0.08982856113601614 0.13667314624344862 0.6235761043318996
0.08988276406570717 0.13704513963173937 0.6246392344986951
0.08811656781644733 0.1352287571021804 0.6194225860525061
0.08958641631735696 0.13712498883958216 0.6234585192468431
0.09196270172518713 0.13622484351749772 0.6245976114273071
0.08984665650460455 0.1360982400951562 0.6230373202871393
0.0903973221530517 0.13657825591939468 0.6226170033437234
0.08825351972546842 0.1353607790503237 0.6196535274717543
0.09128582002940001 0.136788945098718 0.6230425963136885
0.09305131462437136 0.13741761597218338 0.6279363860024346
0.08947973447265449 0.13660399039586385 0.6224973951887202
0.09142534335178358 0.1373397416704231 0.6247992631241127
0.0896196409839171 0.1369940572149224 0.6226691770995105
0.09000776660939058 0.13589417078428798 0.620825396378835
0.09123819600376817 0.1362308164437612 0.6219670229487949
0.09028909154788212 0.1365301023202914 0.6222508074619152
0.09028407016286144 0.13591309025883674 0.6222024121549394
0.09280339157139814 0.13694348763536524 0.6247052931344068
0.08931978787261027 0.13622857144033468 0.6206140787954684
0.0900957682121683 0.13750467007910763 0.6229663788830793
0.0927848879220309 0.13884986293536644 0.6297170845226006
0.09010448100942152 0.13554876103445335 0.6213885849052005
0.0888723952461172 0.13577043148654477 0.6190311305169706
0.08857805153837911 0.13512229044128346 0.6184031683427316
0.09209456365141604 0.13735804089241557 0.6245079849825965
0.08969166338167808 0.1352432628251888 0.6189785333474477
0.08937324862789224 0.136217958877484 0.6189353723437698
0.08809269674122333 0.13588485308267453 0.6175579336837486
0.08913027367382138 0.13507631444268756 0.6178053302676589
0.0917415987369087 0.1373247373159285 0.6238264175697609
0.09067145216520185 0.13612294554710389 0.6209601557696307
0.08976688159560715 0.134993490477403 0.6182830189334022
0.09021230349938075 0.1367004102082164 0.6211690707118422
0.09114324107490204 0.136486187428236 0.6220680805488868
0.08982161000922874 0.1366760424165814 0.6196765157469997
0.09221920581603492 0.13748037173240274 0.6227300280111807
0.09088539406381271 0.13590764028606592 0.6212006318127667
0.08999856184754107 0.13530270611798323 0.617900999740318
0.08951790418061945 0.1360285967643614 0.619481134723734
0.09018611967563629 0.13691441746773544 0.6205455603422942
0.09169852786593967 0.1373382437725862 0.6220126198839259
0.09128997283401313 0.13575099257407364 0.6204542357833297
0.09161646236975987 0.13737707387518 0.6222684400611453
0.09009418580819059 0.13558117322899677 0.6192696312180271
0.09036681628061666 0.13588950426490218 0.6196193099021912
0.09195925396073748 0.13672148353523678 0.6224024605751037
0.08881861314729408 0.135408836459672 0.6160142965228469
0.0910492071316198 0.1364399580767861 0.6206705824975615
0.0904169331656562 0.1366377379220945 0.619528137312995
0.09140999124005988 0.13763543602493075 0.6221558471079226
0.09180281710845453 0.1371477563182513 0.6213909925354851
0.08934171569844086 0.13602375754603632 0.6178781391956188
0.09023068454530504 0.13575727653724176 0.6182476039286013
0.0902261568799063 0.13518038250229977 0.619130959643258
0.091959630013616 0.1374973021061332 0.6225534402441095
0.09152013148974489 0.1370126134433128 0.6217595217404542
0.09161389827176376 0.1368635351900701 0.6215648807861187
0.0900918762523819 0.1365534214399479 0.6184906498591105
0.08779322789775 0.13584635487861105 0.615883380483698
0.09217527984193077 0.13679488048509314 0.6233143319907012
0.08816665534895879 0.13627971571352746 0.6172856639049671
0.0890448735985491 0.13664094307356411 0.618580705192354
0.08860057852610394 0.13655221724951708 0.6171783876419067
0.08833939162117463 0.13558484392033682 0.616702171255041
0.08931021957761712 0.13646437769686734 0.616670087840822
0.09327161984035262 0.13625732671331475 0.6231946680722413
0.08871534786842487 0.13599901431688555 0.6145678077803718
0.09006686831789988 0.13701315758956803 0.6194736725312692
0.09184880741492465 0.1373860040748561 0.6207807665842551
0.09133377201855182 0.1378276064991951 0.6217727856282834
0.08848852429125044 0.13501936361193656 0.6154152354046151
0.09041565251847108 0.13590436694246752 0.6173809685972002
0.09098357305482582 0.13605861646157724 0.6212337592354528
0.08866497968082075 0.13577814746234151 0.6173961669427377
0.0918845412273098 0.1371688082538269 0.6207241059674157
0.0902230238776516 0.13632790761965294 0.61847478473628
0.08916270297710542 0.13560948585470517 0.6160205694039663
0.08848603097928895 0.1365596103337076 0.6167581843888318
0.09054918597693797 0.13665539959514583 0.6183118136723836
0.09084492473966546 0.13635433895720375 0.6186688587842164
0.09207948836463468 0.1375095857127949 0.6220924244103608
0.08834190235645682 0.13441499816598715 0.6148360806041294
0.08916581671547007 0.1368371804444878 0.617814919507062
0.08982406899608948 0.1368085587852531 0.6181287726649531
0.09168968798661674 0.13623111720438358 0.619443544988279
0.09099431240448246 0.13649808924507212 0.6188968346295534
0.09109939394725694 0.13686668581984662 0.619608152574963
0.09160944343165114 0.13660800494529582 0.6186759927979222
0.08925252948370245 0.13568838777365508 0.6166714048827135
0.08969661546250185 0.136152830913111 0.6169883371724023
0.09018334988366675 0.1364891669706062 0.616464678004936
0.0880831595758597 0.13533105397665943 0.6160563181506263
0.08906882982839037 0.13714362454083232 0.6184107529675519
0.090347417573686 0.1365303390279964 0.6173849584438182
0.08905078306242271 0.13462186774169957 0.6142041016508032
0.09113946909153903 0.13638619031067248 0.6181649341406645
0.090987434765255 0.13697975513007907 0.6179847101812009
0.08816402825768348 0.13516073843395268 0.6137709467499345
0.08938983612314419 0.13614768577946557 0.6165711583031548
0.08965087897799633 0.1370056044669063 0.6174493026291883
0.0875668443767009 0.13554457072858458 0.6138637095469016
0.08976818078094058 0.13653763776576078 0.6155675300845393
0.09015148987372716 0.13650880632025225 0.6178393322008627
0.09075343791257452 0.1358253832106237 0.6164267689210398
0.0889654291421175 0.13555700406432153 0.6154926371574402
0.08847824904653762 0.13543371099564763 0.6142608745892842
0.08805447615683079 0.13565057230216485 0.6133740001696127
0.08821403850835782 0.13583530450308764 0.6143723126252493
0.09005533553659915 0.13707167826868868 0.6164864091961472
0.09026255765170962 0.1356571270801403 0.6167013393508063
0.09071333426568243 0.1369106104252515 0.6180793049600389
0.09305368554260995 0.1370712117574833 0.6195534286234113
0.08901186092584222 0.13567714643147258 0.6153992880273749
0.08886796934461152 0.13696692613539874 0.6152561397905703
0.08684752300105714 0.1360905808099994 0.6133919108797002
0.0885560713791185 0.13598660824475464 0.6143844894568126
0.08952909346531938 0.13632674272965503 0.6151248682869805
0.08713818566942656 0.13595348689291212 0.6136480179980949
0.09086521503825983 0.13623400110889364 0.617356883375733
0.09126486274379271 0.13629344350761838 0.6166818041713149
0.0862850082444924 0.1343656528437579 0.6096323971836656
0.0898386104653279 0.13557061030356973 0.6153350942664676
0.09250078030758434 0.13582346398521353 0.6173074468859919
0.09019004255533218 0.13668601937867977 0.6173723220383679
0.08804401182190136 0.13572245640887154 0.6129152945235924
0.08913650998086842 0.1355789205542317 0.6157933959254512
0.0939052789547929 0.13782487663405912 0.6214115691184997
0.0882404611232104 0.13470348729027642 0.6129582694724754
0.08831542014523788 0.13629755290570084 0.6144233446651035
0.08765111109448803 0.1354755868624758 0.6126198168595632
0.08960553112681265 0.13651715542983126 0.6166115761686255
0.09075713250096197 0.13584571696541928 0.6158582397301992
0.08910940806070963 0.13499457423885663 0.614322402742174
0.0919810578668559 0.13641819737575672 0.6186381936514819
0.0911572469274203 0.13634656028063208 0.617181827183123
0.08926269306076898 0.13600194291936027 0.6152267169069361
0.08979736393800489 0.13612132681740655 0.6168776030452163
0.09099501915276051 0.137177145547337 0.6169451046873022
0.08957695974795907 0.13668137204315928 0.616211278880084
0.08953907508816984 0.1340188447524 0.6129700229344545
0.09166930535325298 0.13695754962938803 0.6189461463910562
0.08931660696036285 0.13531158152001876 0.6130955457245862
0.08862858810358577 0.13440513001547919 0.6116253833859056
0.09101255094563519 0.1375406300248923 0.6185644545378508
0.09080026759317628 0.1359137963531194 0.616675992541843
0.09030984302361807 0.13705036661139242 0.6161587346041644
0.08846790548827912 0.13475408062338828 0.6135529386997223
0.09076238203931737 0.13605883941054345 0.6164794062243567
0.09234079707827833 0.13572045253934684 0.6179974547580437
0.09233203408894715 0.13668683208249233 0.6183240554067824
0.09200040128771905 0.13539502264172942 0.6170726953170917
0.08954894391750848 0.135522533721394 0.6133651338683235
0.08994585939303593 0.13697681034052814 0.6171614045566983
0.08796596084479932 0.13678789764642715 0.6125503860138081
0.08904089129633373 0.13684366448609916 0.6150459344740267
0.08844174356648216 0.13573015930476012 0.612959444169645
0.08955206909389407 0.13652674051346603 0.6149254716325689
0.0895736200252065 0.13580572533386726 0.6130519485032117
0.08915363192282341 0.13692017397946782 0.6145236236960799
0.09041049358745416 0.13679964962380903 0.6158760997542628
0.08936262306791765 0.1358326717769658 0.6138109168299922
0.08927938773400254 0.13628491643954208 0.614400411579344
0.08857609227023742 0.1362234354019165 0.6145623113049401
0.09069299133011588 0.13683830362227228 0.6161363154428977
0.09222572056507623 0.13599151510883262 0.6164924861325158
0.08953724240815197 0.13575332283421798 0.614241733153661
0.08634130612843567 0.13589659712380833 0.6122670937025989
0.08963496633425908 0.13602458213766416 0.6124855079915789
0.0886196809289632 0.1344055808307948 0.6119998962790878
0.09145259822408358 0.13675971719401855 0.6161954383496885
0.09049964234784798 0.137041010365442 0.616229051263244
0.08988339432963618 0.13670978408720758 0.6153573011910474
0.09067364517737318 0.1366655126158838 0.6152422220177121
0.09127070595544798 0.13449570707148975 0.6148243369879546
0.08853002944202334 0.13554014060232375 0.6134702363279131
0.08939595753395999 0.1352176541697096 0.6127727995536946
0.09078440457858421 0.13586107906368045 0.6145977256033156
0.08928717479937606 0.13671157336897322 0.614079931223834
0.08776728178064029 0.13628748148679734 0.6123523762049499
0.08931890014972951 0.13536712985899713 0.6136134795789365
0.09019889704055256 0.1365076916968381 0.6137751397380122
0.09066950429644849 0.13544854910285384 0.6150573481012274
0.09059604826072852 0.13645236817223055 0.6149852844962367
0.0920356818674891 0.13691693665804686 0.6167977454927233
0.08795964283523736 0.13633155650562712 0.6136050015025669
0.08760426814081493 0.13483460299394748 0.6095382589322549
0.08899522117442554 0.1357907215754191 0.6124530534832566
0.09088359529773395 0.13651319989451655 0.6143099102267513
0.08903528822516954 0.1355735149372507 0.6124582442530879
0.08695424226423104 0.13551111340522767 0.6100248294847983
0.08789334752769382 0.1355508898916068 0.6104523634469068
0.09006273582577705 0.13580655232071875 0.6133974117702908
0.08987453512019582 0.13594633556074567 0.6131123455807015
0.0890630939050957 0.13607879211505255 0.6133091525678281
0.08970797933914043 0.1358735598678942 0.612457848434095
0.08962212162161315 0.13619302212640091 0.6135195142251474
0.0863477973971102 0.13393698080270378 0.6065658658522147
0.08986047561521883 0.13575373878633534 0.6134950625454938
0.09058599943364108 0.13716149075163736 0.6158433975555279
0.09034452047336984 0.13684220358177468 0.6152596247637714
0.08892254412450172 0.1355741085001716 0.6132033327332249
0.0900124540069589 0.13711534509504283 0.6159446680545807
0.08922146085235808 0.13615750547912386 0.6134281558460659
0.08888335556619698 0.13600139093619806 0.611735600233078
0.08943119442297352 0.13655022595215727 0.6138453305209125
0.08932399893800418 0.13525346731146176 0.6115469332977578
0.08912720875331649 0.1363317158928624 0.6142960201369392
0.08691946233864184 0.13630469929288935 0.6099027881798921
0.08930526645371208 0.1357602842648824 0.6132903080957908
0.08738186323532351 0.13514970955473404 0.6098994689076035
0.08780521013118603 0.13595292785653362 0.6120886679048891
0.08860985610220168 0.13525054630306033 0.6121402217282189
0.09132400098222274 0.13564052736869564 0.6139404281421944
0.08993637721019762 0.13722977581951354 0.614710428847207
0.09102711147732205 0.13595487085757432 0.613286003669103
0.090725283589628 0.13457709827908762 0.6119946364561717
0.0923143807688245 0.13695516785537756 0.6162351023709333
0.08836116681772249 0.13462986770051497 0.6093019941118029
0.09146939874523216 0.1369508875740899 0.6157413524610025
0.09280153930187225 0.1360181315132865 0.6153627377527732
0.0915504874813336 0.13592851272887654 0.615587858888838
0.09006842822940261 0.13597376556860077 0.6134863480373666
0.08866569474615432 0.1349163050563247 0.6111895085705651
0.08928063468524704 0.13665376620160208 0.61372403383255
0.0881097998994368 0.13531877371999954 0.6110235926398525
0.08898496731287903 0.13566195022176814 0.6125412592181453
0.09078362620539135 0.13679260180504232 0.6147299771838718
0.08723628612304175 0.1354617224468125 0.6093376752623806
0.09058657939511316 0.1376728317969375 0.6176755282613966
0.0874205287380351 0.13484277705903405 0.6072920145811858
0.08933742987060989 0.13612836291944538 0.6116724448292343
0.08862690826808965 0.1352372813279982 0.6097091088913105
0.08871632627314992 0.13559757056611554 0.6116097157089798
0.08986757024846695 0.13625816276227987 0.6126399696756293
0.08849513560257576 0.13485465092791452 0.610379047482102
0.090298337707365 0.1369487155366827 0.6151847117918509
0.0897555356969436 0.13576902095918303 0.6138970770217754
0.08965990311017742 0.13535211077442877 0.6118757577295657
0.08864927596792027 0.13563306487820767 0.6115006736472801
0.08908842736372241 0.13543874057906646 0.6113690868571953
0.09214674574081544 0.13620215670930014 0.6158764608259554
0.08994297633016551 0.13562451511069581 0.6130177583517852
0.08911852331073196 0.13635963846136023 0.6139748245256919
0.08965202446337099 0.13664690127527274 0.6125339366771557
0.08815881368186738 0.13570449235262694 0.6111689420099612
0.09026238428497756 0.1368477801150746 0.6126859494933375
0.0895605565690332 0.13664464691722836 0.6128299526373545
0.08965682687582793 0.13673421032450817 0.6125080064049474
0.08925106101289944 0.13556333811746704 0.6118300740807144
0.09011450236042341 0.13627492224176724 0.6135121903154586
0.08915365938511159 0.1361969827612241 0.6116119336198877
0.08775267793900436 0.13459087172592127 0.6079998149253704
0.0885420582305502 0.13625687720047103 0.6125267439418369
0.09024728936729608 0.1354726517090091 0.6116163158858264
0.08866638379516426 0.13614840998693747 0.6124652569823795
0.08985181378821532 0.13545355890084196 0.6116217905945248
0.0874533048244538 0.13515718909325422 0.6083370672773432
0.08971463111263735 0.13641352699862586 0.6131401731349804
0.09033886453619709 0.13508568251574482 0.6114938363322505
0.08995312377534531 0.13542580620006278 0.6111782408202135
0.09104107786107947 0.1368738243094197 0.6145694332652621
0.08780020420474034 0.13424205208266224 0.606922891051681
0.08811733623069745 0.1358092624887272 0.6100306496796785
0.089768219543276 0.13583771346343887 0.6116749041610294
0.08863244069119294 0.13597962243689432 0.6121116194460127
0.08973688884465783 0.13553223971415448 0.6110748606257969
0.08914504263688017 0.13538498424269535 0.6098456675918014
0.08963399656668858 0.13640403679675525 0.6130139423741234
0.0894317430175013 0.13803351074457168 0.6157791944786354
0.09139507737976534 0.14150078022369633 0.627045958439509
0.09077444543441136 0.1403568231397205 0.6241074487898085
0.0908329110344251 0.1375991447656243 0.6185647224055396
0.0906162365084445 0.1375758488310708 0.6176357113432002
0.09495687719296526 0.14415694448131103 0.636436369728159
0.09404260616611551 0.14372636671419498 0.6390067010897177
0.09134902474228983 0.1421089810795254 0.6295679963959588
0.08875917074029092 0.14038744987712967 0.6231267434137839
0.09068230030989205 0.1405981189729991 0.6265428777535756
0.09086540813247362 0.1414859116850076 0.6263004484883061
0.09408530952201949 0.1457633904616038 0.6410151286478396
0.09564387772370268 0.14803157164542763 0.6526542290051778
0.09158280455403858 0.14352948278188704 0.6371167629294925
0.0922477593962793 0.14333521195031979 0.6359070313418353
0.09214209538918955 0.14436723836594156 0.6393678994531985
0.09542473089087893 0.14857539612937856 0.650497020792078
0.09994384463738512 0.15239786470377886 0.666555165052414
0.10563102533971822 0.15644978634737156 0.6850590690418527
0.105136499537362 0.1563398281953953 0.6851654078783812
0.10923744082450866 0.15917474337198115 0.6963489865815198
0.11374341556319484 0.16191012922260498 0.7080606509579552
0.10712679177522659 0.15905061918276328 0.694423435749831
0.10738864420188798 0.15936174145451298 0.6933527466544399
0.10899819784694248 0.1598404457392516 0.6979301076906699
0.10824360171953837 0.15964545564519034 0.6951356232607806
0.10737871017169069 0.15936191099661368 0.6955612912884465
0.10675078034124992 0.15768782701205325 0.6910148234720583
0.10766635752386516 0.15770860426403857 0.6905935747093624
0.10357608124613762 0.15614608708355163 0.6832631368548782
0.10239435698699068 0.15337840090195337 0.6751835963019618
0.1004237231998532 0.15176706177768884 0.6685743319546735
0.10570694914018666 0.1548173436412105 0.6803570008719408
0.1076395822012866 0.1569391585389773 0.6873759075888881
0.1163609960730429 0.16043770245931765 0.7067597890783239
0.11085980449561719 0.16007238974173862 0.7014509456245988
0.10592555395430989 0.1579333742238857 0.689108687153569
0.10315540677419416 0.15505100952254403 0.6800936700679637
0.10501078422698709 0.1556713449899797 0.6826535908381144
0.10675816349409245 0.15616447226868735 0.685551540101016
0.10310265395928313 0.1549084098305967 0.6783821644606414
0.10252460089270715 0.1526201969164389 0.6728753851519691
0.1019954272856315 0.15374732031866356 0.6749294628920378
0.09831227560286168 0.15093844954614286 0.6636564008836393
0.09982472939899674 0.15176229784886042 0.6689290583133698
0.094674224384405 0.14740997209041207 0.6527389728581464
0.09118554018713809 0.1422324043898671 0.6408029765552945
0.09515173969445405 0.14098035248341384 0.6378763680546372
0.0932677892761098 0.13976298902321746 0.6339987652390091
0.09451699949800968 0.13931060733066664 0.6314464138172291
0.09179898364400423 0.13886986411831997 0.6254041031554893
0.09171284383645764 0.13721716778145895 0.6215862299336328
0.09138132349760444 0.1373057600138364 0.6199159970548418
0.092082453240399 0.13733702024927846 0.620454166509487
0.0909283311140758 0.13700142769349946 0.6183613892837807
0.08957789047172776 0.1369641087728518 0.6167862681989317
0.08941010678255999 0.13779297091342785 0.6165659529632992
0.09122675853746909 0.13759797580264232 0.617415300431075
0.09037087257813524 0.13584480481567207 0.6136853788075624
0.09071712436223471 0.13674486856769633 0.6152993349675779
0.09014561973236225 0.13624384489324357 0.6142062842404401
0.0891778116038552 0.13526859741519998 0.6108112416885517
0.09072224306563537 0.13728891437804258 0.6154880083490301
0.09110939445594947 0.13640605127369915 0.6137531489354593
0.09145263353431667 0.13675829804054013 0.6149115260442098
0.09266876817301467 0.138116255833043 0.6176679362191094
0.09071073904081627 0.13647654739794907 0.613576134664041
0.0886821148213413 0.13586472568136673 0.6115649542543623
0.08934114728812818 0.13537170077915545 0.6094797231974425
0.08950590790145926 0.136325985038722 0.6108228325402295
0.08809220968297234 0.1352648360144209 0.6100572753394091
0.0903183940494502 0.1371324775726707 0.6131528100702498
0.08916952832981392 0.13601909317904048 0.6106027532506872
0.09065582465242457 0.1367898901965883 0.6122356820106506
0.08882774785712913 0.13653242882203173 0.6110331021414863
0.08776927072416853 0.1361086370050907 0.6088049938060619
0.08825362428194947 0.13612960346319058 0.6096728999967929
0.09028652639024788 0.13587656713746213 0.6110097651569931
0.08821620309518444 0.13624128750628894 0.6088615211734065
0.08845054292844401 0.135403489994782 0.6072654335587113
0.09152236494753097 0.1374258508891971 0.6144246027646242
0.08784370509838617 0.13548921232974087 0.6077697432482684
0.08964354238852307 0.1367093412026211 0.6097030308953038
0.08587424853333721 0.13521028940876326 0.6061318275663587
0.08816175306836764 0.1359599073451978 0.6076130615340338
0.090586906461804 0.13659989271450926 0.6108620610502031
0.09084748000182487 0.13561618903168926 0.6109373404803099
0.08772313422626919 0.1355336099145589 0.6071873275438945
0.08750960592318464 0.13540279116895465 0.6057069676452213
0.0887288893842035 0.13679458689358498 0.609051858804844
0.08832938351013042 0.1359248887443984 0.6084740876268457
0.09033781708942519 0.13636182645956677 0.6108538307525494
0.09104435296798194 0.13598877631403783 0.6111983559308228
0.09184797226554818 0.13700088805622523 0.610571729739507
0.08569653524568788 0.13568130610717669 0.6058421727021536
0.08817526604014414 0.13640064731240273 0.6070088506627966
0.08903055689677045 0.13699065008097225 0.6100573671747137
0.09037653426329295 0.13534690546216788 0.6083604836905444
0.08777265645011707 0.13666092408476052 0.6073906619460494
0.08647489967169585 0.13495136670492314 0.6043759878034944
0.08872544217440817 0.13624624814700198 0.6086437365302333
0.08832219392889076 0.1357222111247204 0.6079165880768388
0.08898369369683443 0.13708458457831985 0.6087282494703928
0.09098585201082406 0.13615057837080072 0.6098670561225326
0.09007476856311163 0.13628816181862796 0.6098344066407946
0.08876830537562017 0.13609071005273748 0.6085018973438828
0.08885569284359614 0.13513710183125954 0.6060580994023217
0.0900562917523914 0.13633493710999137 0.6081000041520154
0.08848264581627316 0.13610897591268575 0.6061507864793142
0.0875898983384724 0.136465065435127 0.6068726290596856
0.0856884594289241 0.13492606228148496 0.6022677577424932
0.08505214379617461 0.13482532072950293 0.6023547078503503
0.08781183380219672 0.135893543307428 0.6076146052060304
0.09019923199933988 0.1374995137806292 0.6108678272918419
0.08952861592173576 0.13551191233374454 0.6070819027777071
0.09092191096809175 0.13627231936763834 0.6087276472868742
0.08823234258150613 0.1351882041549241 0.6056842226010781
0.08989173214468692 0.13790382517708671 0.6114840103520287
0.08722322624590662 0.13439567365580135 0.6034867732613175
0.08692692865100171 0.13541061889794137 0.6056573021411896
0.08731757159310359 0.1366856423958584 0.6069924003106576
0.0876908639928809 0.13640960363878143 0.6050624983840519
0.08523305562359315 0.13463340847028626 0.6018061688211229
0.0880721280420268 0.13545832195215754 0.605691874689526
0.08792678206607148 0.13668562058497358 0.6081410436277036
0.090016705200628 0.13652149420093607 0.6087676686710781
0.0900977942402716 0.13650230437517166 0.6083269568284353
0.08859557796131681 0.13566259062952465 0.6055288206647944
0.08862797144938399 0.13531974336615316 0.606968471120905
0.08713684712019232 0.13515546287651414 0.6030377487783078
0.08880528887112936 0.13611151836536547 0.6083111488377606
0.09241247095719532 0.13552069393021088 0.6097175538981402
0.08945912578867542 0.13591696073059684 0.6065424294383438
0.08828455630827833 0.13645128934471695 0.6056297823676356
0.08700134078385653 0.13454812852320847 0.6033119440961767
0.08696924659664984 0.1356147128453961 0.6036819428426248
0.09059120604561435 0.13701122493103698 0.6091082421497063
0.08756761290408947 0.13627973324722714 0.6050517240718559
0.0881583137506688 0.13491800928005465 0.6050959891301614
0.08728606270695174 0.13495469594443285 0.6032975848515828
0.09098154212037722 0.13617321727452456 0.6087738128503164
0.09089884356216148 0.13610183552459434 0.6095656598938836
0.0906366561325612 0.13579463713147022 0.6078235157772347
0.08875852002865739 0.1358575239998323 0.607266744463532
0.0868679633350284 0.1349430896948885 0.6032415120689957
0.08972176923244088 0.13644834222065078 0.6076554911666446
0.08922458377701264 0.13693411003108377 0.6082299129168193
0.09125860820765848 0.13673901187049017 0.6106670542558035
0.08994922667741775 0.134893307691371 0.606154103146659
0.08880462635446477 0.13525196255909072 0.6036284754011366
0.08844339911308553 0.13598298191472336 0.6055141570832995
0.08695670976131051 0.13531307936266618 0.6040052561406736
0.09009747425991076 0.13617665107603427 0.607905226636816
0.08965854179803971 0.13509068269420554 0.6069477768297549
0.08880313864184751 0.13689518762959374 0.606590167372315
0.09012996109547439 0.13495737929587012 0.6066230955830326
0.08859453537949809 0.1354640142398852 0.6040423840505106
0.08864146103461583 0.1353113879594538 0.6037837626757445
0.09057248339332916 0.13563321347037952 0.6071226082907782
0.08906394925934297 0.13562313774117718 0.6044597737877457
0.08667927608997733 0.1340349673948906 0.6011937258420167
0.08879599418629099 0.13603386789560318 0.6043222552758676
0.08871896214783191 0.1355651912810626 0.605439381731881
0.08770116792508849 0.13596857386606712 0.6051446153499462
0.08839178204260491 0.1361118436742712 0.6057003512205901
0.08711835956407918 0.13555269241333007 0.6038880936304728
0.08872622305044421 0.1362238238144804 0.6054928564583814
0.08781958485091174 0.13476282593276764 0.602905799901044
0.08950775729285346 0.1362229493977847 0.6066935456240619
0.08881763008733591 0.1356518675552474 0.6058062088048016
0.08873290580455903 0.1336867326994737 0.6041018223320996
0.0891669542921914 0.1362999751611992 0.6071550722475405
0.09089755363210483 0.1357327023645242 0.6082659564636371
0.0902401581654946 0.1364189862542682 0.6076739931548083
0.08811814113347619 0.13590868442146867 0.604776758838583
0.08706871994391635 0.1360234830390524 0.6030137273117347
0.08620881280965276 0.1353486680984497 0.6022465477166352
0.08869304889606106 0.13581186653839217 0.6052489927079943
0.08576826248179983 0.13496033946673075 0.6017972298904701
0.0901565627063866 0.13586580163902706 0.6058376207616594
0.08964369243217839 0.1358975417194543 0.6066347119101771
0.08871933522599715 0.13597356812821496 0.6052133529274552
0.08870578556149095 0.13494497991822385 0.6056662874310105
0.08832368124138426 0.1361495282859714 0.6051533724202051
0.08740957307594793 0.1342311445540852 0.6031234492195977
0.08923017247407525 0.13667711223717088 0.606082621856972
0.08755794241748474 0.13618960516320336 0.6056220760610369
0.08929973067784751 0.13497342330990014 0.6049626298745473
0.08992162241427987 0.1367155196931627 0.6077469729494166
0.08677284390838058 0.1342570925641943 0.6005234798237129
0.08741656771136655 0.1362316933936543 0.6052614982481356
0.08602560323145654 0.1346748364854742 0.6012436861020547
0.08500439135840646 0.13406195067697102 0.6006335656289701
0.08880670674145222 0.13589577155532662 0.6063385955492655
0.08693545162953713 0.1344167636003759 0.6019223354922401
0.08698631105047686 0.13609487367448983 0.60454659514957
0.08482924346294668 0.13592321218163878 0.6011157280427438
0.08894013510534057 0.13542097505044054 0.605436453377759
0.08688314342940295 0.135281890205763 0.6026602054083788
0.08919093850034254 0.13724789592954847 0.6088219300022831
0.09015951323840353 0.13688441677777854 0.607488303096206
0.08978722597713824 0.1367993344311361 0.6073722487908823
0.08867644065508136 0.13506629193270647 0.6049693962821254
0.08823660116228793 0.13618525100526988 0.6050934259096782
0.09005929334848016 0.1358804230612737 0.6074048921355495
0.08923780229080606 0.13640678015020158 0.6060650218416144
0.09062928341605045 0.13671083022046973 0.6080935737821791
0.09003098976280954 0.13668502495796592 0.6083819674562525
0.0901136971016725 0.13675564480600533 0.6072886929247114
0.08972250211018103 0.13689004046497522 0.6067708902447312
0.08871020728791201 0.137142494260161 0.6064356715149349
0.08774534415315699 0.136289260779266 0.6043948014135714
0.0889219194871408 0.1355604327497659 0.605503248417819
0.08607556629787992 0.1351411074731085 0.6006445814503564
0.09112368762217186 0.1363698017542009 0.6075902943699448
0.08809955722203962 0.13562258324689336 0.6032970943715837
0.08693919392647567 0.13595141518447135 0.6032174470689562
0.08786719232245728 0.13653215569478494 0.605031590240973
0.09014594119732026 0.13578909493706845 0.6062314617633819
0.09122207641601562 0.1366333120399051 0.6080062003047378
0.09159788433600355 0.13681017867392964 0.6091280002947207
0.08867151884017167 0.13598435412402507 0.6048939454555512
0.08852173977428013 0.13620800838978203 0.6043456589292597
0.08594565242252968 0.13523093556364377 0.5998319846612435
0.08819547328684064 0.13611920542739056 0.6041159562711362
0.09074071739006925 0.13760623672494182 0.6088626297756478
0.09023461658093665 0.13624335941893084 0.6057281026575301
0.0884785750121982 0.13635466426610945 0.6040405105661463
0.09046835576770482 0.1361449991884055 0.6063382098409864
0.08733242178956667 0.13648920601164855 0.603985027913694
0.08802035895762621 0.13703167896579813 0.6042558327869133
0.085772409590858 0.13505049468190583 0.6018491298622555
0.08876095626089309 0.13582777173430832 0.6054821739373384
0.08723705348593218 0.13441207557364745 0.6025955617427826
0.08912233978785851 0.13744139410279416 0.6053943133795703
0.08816962700199198 0.13722821160599039 0.6052755044124745
0.08794881894632622 0.13645223815683966 0.6041564583336866
0.08868109961902654 0.13606478798168678 0.6047181823077026
0.08904931936275076 0.13585003512877006 0.6047616823955818
0.08770702397381817 0.13475311885829325 0.6015647860809609
0.08790087908230446 0.13531916171864228 0.6010614051642241
0.08985366957055198 0.13693215044560256 0.608286181335096
0.08733481877379948 0.13483805398146312 0.6009375465799262
0.08833971027698782 0.13610180146164363 0.603731979087547
0.08639012403786182 0.13506439176422577 0.5999460275967916
0.08716918365546951 0.1362839993889685 0.602369759745068
0.08506544617867028 0.13463012620806694 0.5983580922638928
0.0894629634420077 0.13540895056393412 0.6053289905742363
0.09036606948684762 0.13566376157380916 0.6044071222676172
0.08846282036768066 0.13629976725688686 0.6053104510572221
0.08720423432136024 0.13507256497939427 0.6004155032281523
0.08809040166989521 0.1357219454811679 0.6028962096903059
0.09042868052643759 0.1357172265538463 0.605184146254151
0.08739243013163407 0.13546004576263604 0.6013030251308724
0.0884968609638788 0.13504576790112036 0.6032164123323228
0.08805996052920818 0.1357419697774781 0.6028493727578057
0.08832836846234622 0.135908241879057 0.6032766131560008
0.08885467529296875 0.1360707655383481 0.6048677685084166
0.08827668441114603 0.13633676948370757 0.6037023409207662
0.0885221270940922 0.13535784082832159 0.6020483670852802
0.08770816415272377 0.13494829742444886 0.6010152245009387
0.08651876551961457 0.1352601943689364 0.6009307823799275
0.08559636042625816 0.13492268669384497 0.5991071298828832
0.08434673797753123 0.13533498158609425 0.5991228794168543
0.08734380882371355 0.13549613520503045 0.6015954725389128
0.08995499328054764 0.13653767496899322 0.6052581794173629
0.08784755668982311 0.13483255723560297 0.6005860690275828
0.08447765390354174 0.13441965258783764 0.5972662418859976
0.08529606736092656 0.13621181405804775 0.6005874624075713
0.08859304701564488 0.13620010119897347 0.6044998436945456
0.08891534632830708 0.13557866238885455 0.6035396417865047
0.08798909437601213 0.13613658091536274 0.603632684857757
0.08612052765709383 0.13556499145649098 0.601614162436238
0.086612723811909 0.13467275989828287 0.60053434420515
0.08838578244878185 0.1370376895478478 0.6050841878961634
0.08654340321267093 0.13532067421409819 0.6007898516566665
0.08922044376532237 0.13627279837374334 0.6041741346871411
0.08880136606042031 0.136796891104292 0.6031653825883512
0.0893521433075269 0.13568826356971705 0.6041584874082495
0.09083999082997993 0.1367039666959533 0.6078506611894678
0.08932540222174591 0.13555530277115327 0.6037508957915836
0.08802000778416792 0.13602980121970176 0.6038289739025964
0.08457150319384205 0.13395600783052267 0.5966700155646713
0.08722114185768146 0.13585748292781688 0.6015040148187567
0.08736397524122838 0.1359866053417877 0.603095137808058
0.09010161449235898 0.13611076657970747 0.6038680097791884
0.08934921033680439 0.13590516646703085 0.6040198004687274
0.08981596983693264 0.13679820295837192 0.6060298526728595
0.08506327198335419 0.1345910059577889 0.597510431430958
0.087790072116035 0.13577407941222192 0.6018243597171925
0.09052110318508413 0.13564794951566944 0.6052056938189048
0.08724127891163032 0.13597305630092268 0.6022332615322536
0.08636770510839091 0.13591186495290863 0.6014220333540881
0.0894898785981867 0.1369057203884478 0.605485564381988
0.08953292853026479 0.13566351992664513 0.6049734756240138
0.08825938444170688 0.13561933504762472 0.6018884369179055
0.08572932965777538 0.13531907747741098 0.5996433130458549
0.08667266495525837 0.13555940611494913 0.6001875714902525
0.08793528678516548 0.1354197165314798 0.601153070308544
0.08767606257564492 0.1355375537386647 0.6018579828739167
0.0850204836163256 0.13438565288428908 0.5964188095375343
0.0878962528264081 0.13635077583017172 0.6033863132529789
0.08625891997306435 0.13445205876120814 0.5997749251789517
0.0868056770414114 0.13591107689120152 0.6015155865527966
0.089206738618237 0.13593474591771762 0.6025801454208515
0.08603751668499576 0.13416535576736485 0.5985472681345763
0.08814445945399779 0.13662122900839205 0.6031453738389192
0.0860507423347897 0.13436628138025603 0.5973801863635028
0.08590233825147152 0.13563580027333014 0.5994227917547579
0.08617019737484279 0.13408361778215125 0.598608198651561
0.0868792730625029 0.13635279874558803 0.6019882026425114
0.08861822563740943 0.1355564528869258 0.6027356130105478
0.08764761968619293 0.13473243631146573 0.6001173181003995
0.09040804080941059 0.1370106115937233 0.6055873945024278
0.08660975915414315 0.13666014441185528 0.6026237252906517
0.08730319798268654 0.13455146163702011 0.5993010686945032
0.088939530344473 0.13610141020682123 0.6030360873098727
0.08990404254308454 0.13546970675388972 0.6040553312389939
0.08873575570958632 0.13530812649263277 0.6029407229246917
0.08884563135052169 0.13487411377054673 0.601190586178391
0.08849520919223626 0.1365593463458397 0.6038411123222774
0.08843068101063922 0.13594642863781364 0.60167806647442
0.0864298277982959 0.1341401035366235 0.5988210395971933
0.08641299780872133 0.13515455706803886 0.5997910846162725
