0 13.024569511413574
1 13.09923267364502
2 13.11674976348877
3 13.107015609741211
4 13.12048053741455
5 13.121777534484863
6 13.136954307556152
7 13.120722770690918
8 13.119393348693848
9 13.123697280883789
10 13.145024299621582
11 13.125040054321289
12 13.122262001037598
13 13.135580062866211
14 13.143867492675781
15 13.1311674118042
16 13.128177642822266
17 13.137260437011719
18 13.142427444458008
19 13.132075309753418
20 13.14745044708252
21 13.144257545471191
22 13.152892112731934
23 13.16004753112793
24 13.155673027038574
25 13.154460906982422
26 13.18632984161377
27 13.171598434448242
28 13.171493530273438
29 13.167430877685547
30 13.176424980163574
31 13.175244331359863
32 13.178698539733887
33 13.184542655944824
34 13.182461738586426
35 13.19869327545166
36 13.197745323181152
37 13.212220191955566
38 13.204712867736816
39 13.224455833435059
40 13.225234031677246
41 13.270366668701172
42 13.275712966918945
43 13.324319839477539
44 13.371443748474121
45 13.413915634155273
46 13.460552215576172
47 13.492826461791992
48 13.521505355834961
49 13.561434745788574
50 13.611543655395508
51 13.64736270904541
52 13.689373970031738
53 13.704309463500977
54 13.76200008392334
55 13.784921646118164
56 13.818764686584473
57 13.848917961120605
58 13.864383697509766
59 13.899826049804688
60 13.946855545043945
61 13.975835800170898
62 13.994260787963867
63 14.027088165283203
64 14.067073822021484
65 14.072853088378906
66 14.095597267150879
67 14.119132995605469
68 14.150480270385742
69 14.157672882080078
70 14.180851936340332
71 14.19421100616455
72 14.222814559936523
73 14.235652923583984
74 14.26418685913086
75 14.26134204864502
76 14.308018684387207
77 14.309051513671875
78 14.330291748046875
79 14.337363243103027
80 14.343623161315918
81 14.336797714233398
82 14.36412239074707
83 14.387853622436523
84 14.38563060760498
85 14.405171394348145
86 14.401225090026855
87 14.410815238952637
88 14.406500816345215
89 14.447638511657715
90 14.43618392944336
91 14.450963020324707
92 14.465372085571289
93 14.463571548461914
94 14.469477653503418
95 14.478141784667969
96 14.483156204223633
97 14.49057674407959
98 14.511330604553223
99 14.518762588500977
100 14.529483795166016
101 14.536222457885742
102 14.52051067352295
103 14.549684524536133
104 14.523215293884277
105 14.534698486328125
106 14.57931137084961
107 14.550101280212402
108 14.55710220336914
109 14.55455207824707
110 14.55459213256836
111 14.593748092651367
112 14.584144592285156
113 14.610729217529297
114 14.585687637329102
115 14.613836288452148
116 14.596382141113281
117 14.620182991027832
118 14.60794448852539
119 14.634984970092773
120 14.637716293334961
121 14.63005542755127
122 14.633095741271973
123 14.648350715637207
124 14.648585319519043
125 14.658727645874023
126 14.643888473510742
127 14.610626220703125
128 14.59206485748291
129 14.606348037719727
130 14.632891654968262
131 14.662959098815918
132 14.647401809692383
133 14.671513557434082
134 14.678593635559082
135 14.691086769104004
136 14.693940162658691
137 14.689997673034668
138 14.693318367004395
139 14.707707405090332
140 14.737208366394043
141 14.710658073425293
142 14.698522567749023
143 14.73159408569336
144 14.740472793579102
145 14.72850513458252
146 14.745538711547852
147 14.739750862121582
148 14.732852935791016
149 14.762848854064941
150 14.75352954864502
151 14.767690658569336
152 14.764067649841309
153 14.777677536010742
154 14.783339500427246
155 14.772089958190918
156 14.788963317871094
157 14.794472694396973
158 14.797938346862793
159 14.78039264678955
160 14.788993835449219
161 14.782740592956543
162 14.827460289001465
163 14.82474136352539
164 14.843465805053711
165 14.814484596252441
166 14.819530487060547
167 14.82152271270752
168 14.83250617980957
169 14.829839706420898
170 14.840401649475098
171 14.824716567993164
172 14.827513694763184
173 14.841357231140137
174 14.851521492004395
175 14.83602237701416
176 14.864058494567871
177 14.858986854553223
178 14.853157043457031
179 14.857505798339844
180 14.872108459472656
181 14.854338645935059
182 14.85647201538086
183 14.87246322631836
184 14.888788223266602
185 14.8738431930542
186 14.882266998291016
187 14.893319129943848
188 14.873396873474121
189 14.864893913269043
190 14.898027420043945
191 14.898611068725586
192 14.884499549865723
193 14.895319938659668
194 14.892071723937988
195 14.914061546325684
196 14.881280899047852
197 14.92060661315918
198 14.871045112609863
199 14.926467895507812
200 14.94021224975586
201 14.943670272827148
202 14.924952507019043
203 14.907858848571777
204 14.934795379638672
205 14.932168960571289
206 14.935423851013184
207 14.920846939086914
208 14.943549156188965
209 14.92873764038086
210 14.919845581054688
211 14.931882858276367
212 14.934416770935059
213 14.927831649780273
214 14.942178726196289
215 14.935798645019531
216 14.912458419799805
217 14.94601058959961
218 14.946310997009277
219 14.94792366027832
220 14.933106422424316
221 14.954200744628906
222 14.94322681427002
223 14.961214065551758
224 14.961380958557129
225 14.956437110900879
226 14.959243774414062
227 14.948812484741211
228 14.971505165100098
229 14.96981430053711
230 14.939295768737793
231 14.976701736450195
232 14.967721939086914
233 14.948751449584961
234 15.002513885498047
235 14.941492080688477
236 14.995543479919434
237 14.96031665802002
238 14.959707260131836
239 14.975729942321777
240 15.001450538635254
241 14.98452091217041
242 14.981643676757812
243 14.969079971313477
244 14.978751182556152
245 14.978837966918945
246 14.966812133789062
247 14.994314193725586
248 15.001392364501953
249 15.011415481567383
250 14.997429847717285
251 14.99321174621582
252 14.979047775268555
253 15.028486251831055
254 15.026739120483398
255 15.024198532104492
256 15.010894775390625
257 15.001441955566406
258 14.999444007873535
259 15.026617050170898
260 15.017221450805664
261 15.029828071594238
262 14.998565673828125
263 15.021049499511719
264 15.01858139038086
265 15.027205467224121
266 15.029487609863281
267 15.01437759399414
268 15.048617362976074
269 15.010418891906738
270 15.024991989135742
271 15.021568298339844
272 15.035415649414062
273 15.022709846496582
274 15.01839542388916
275 15.031978607177734
276 15.04530143737793
277 15.04068374633789
278 15.038575172424316
279 15.035452842712402
280 15.064053535461426
281 15.021986961364746
282 15.055974960327148
283 15.044126510620117
284 15.064114570617676
285 15.056897163391113
286 15.060194969177246
287 15.068538665771484
288 15.039349555969238
289 15.0614013671875
290 15.065592765808105
291 15.071883201599121
292 15.03427791595459
293 15.032804489135742
294 15.068284034729004
295 15.074627876281738
296 15.077493667602539
297 15.086076736450195
298 15.0468168258667
299 15.05246639251709
300 15.087495803833008
301 15.064445495605469
302 15.05327320098877
303 15.095369338989258
304 15.077204704284668
305 15.063140869140625
306 15.045112609863281
307 15.054649353027344
308 15.055991172790527
309 15.058979034423828
310 15.041120529174805
311 15.082071304321289
312 15.088452339172363
313 15.072859764099121
314 15.086029052734375
315 15.080434799194336
316 15.105318069458008
317 15.086055755615234
318 15.101616859436035
319 15.079216003417969
320 15.082449913024902
321 15.099923133850098
322 15.09340763092041
323 15.099174499511719
324 15.097094535827637
325 15.118269920349121
326 15.112773895263672
327 15.122785568237305
328 15.103832244873047
329 15.09898567199707
330 15.125378608703613
331 15.107513427734375
332 15.112545013427734
333 15.103713989257812
334 15.133089065551758
335 15.125447273254395
336 15.135915756225586
337 15.10484504699707
338 15.11691951751709
339 15.128564834594727
340 15.120675086975098
341 15.141120910644531
342 15.151232719421387
343 15.12899112701416
344 15.127912521362305
345 15.140510559082031
346 15.138557434082031
347 15.116448402404785
348 15.082171440124512
349 15.125880241394043
350 15.144038200378418
351 15.138962745666504
352 15.137289047241211
353 15.157646179199219
354 15.157914161682129
355 15.157831192016602
356 15.15646743774414
357 15.141326904296875
358 15.153814315795898
359 15.164642333984375
360 15.149382591247559
361 15.150213241577148
362 15.173514366149902
363 15.17522144317627
364 15.145687103271484
365 15.1845703125
366 15.162517547607422
367 15.15793514251709
368 15.170963287353516
369 15.161528587341309
370 15.16873550415039
371 15.162367820739746
372 15.17034912109375
373 15.161861419677734
374 15.194731712341309
375 15.165696144104004
376 15.178863525390625
377 15.176325798034668
378 15.180164337158203
379 15.180635452270508
380 15.18197250366211
381 15.164963722229004
382 15.168092727661133
383 15.17553997039795
384 15.174468994140625
385 15.204489707946777
386 15.186761856079102
387 15.1500244140625
388 15.17003345489502
389 15.176295280456543
390 15.189476013183594
391 15.16911792755127
392 15.209307670593262
393 15.164717674255371
394 15.214265823364258
395 15.182883262634277
396 15.192805290222168
397 15.185412406921387
398 15.189407348632812
399 15.206506729125977
400 15.14880657196045
401 15.169090270996094
402 15.198041915893555
403 15.195786476135254
404 15.20182991027832
405 15.191010475158691
406 15.206486701965332
407 15.201069831848145
408 15.181947708129883
409 15.182918548583984
410 15.19196605682373
411 15.201906204223633
412 15.201726913452148
413 15.207226753234863
414 15.194948196411133
415 15.213850021362305
416 15.18705940246582
417 15.209136009216309
418 15.226113319396973
419 15.169175148010254
420 15.186535835266113
421 15.21175479888916
422 15.220376968383789
423 15.215360641479492
424 15.222271919250488
425 15.217794418334961
426 15.198534965515137
427 15.207511901855469
428 15.21166706085205
429 15.230060577392578
430 15.198796272277832
431 15.227261543273926
432 15.202662467956543
433 15.215926170349121
434 15.234291076660156
435 15.217766761779785
436 15.23521900177002
437 15.215354919433594
438 15.211111068725586
439 15.238365173339844
440 15.206502914428711
441 15.234576225280762
442 15.2123441696167
443 15.223023414611816
444 15.232789039611816
445 15.209023475646973
446 15.217965126037598
447 15.238226890563965
448 15.245241165161133
449 15.218642234802246
450 15.244540214538574
451 15.217223167419434
452 15.238140106201172
453 15.208645820617676
454 15.23351764678955
455 15.224359512329102
456 15.22960090637207
457 15.236312866210938
458 15.21829605102539
459 15.240432739257812
460 15.22350025177002
461 15.22620964050293
462 15.230921745300293
463 15.231440544128418
464 15.207932472229004
465 15.245938301086426
466 15.233920097351074
467 15.23943042755127
468 15.224960327148438
469 15.24912166595459
470 15.247185707092285
471 15.232460975646973
472 15.232773780822754
473 15.247721672058105
474 15.22966480255127
475 15.242538452148438
476 15.227612495422363
477 15.239224433898926
478 15.237305641174316
479 15.249250411987305
480 15.219991683959961
481 15.262890815734863
482 15.242805480957031
483 15.242374420166016
484 15.248537063598633
485 15.264286041259766
486 15.259736061096191
487 15.253273010253906
488 15.247879981994629
489 15.245015144348145
490 15.230528831481934
491 15.2525634765625
492 15.249957084655762
493 15.237183570861816
494 15.224201202392578
495 15.283488273620605
496 15.241549491882324
497 15.256543159484863
498 15.242130279541016
499 15.238739967346191
500 15.255837440490723
501 15.23848819732666
502 15.230082511901855
503 15.2615327835083
504 15.263307571411133
505 15.266745567321777
506 15.257427215576172
507 15.249100685119629
508 15.273041725158691
509 15.243983268737793
510 15.254490852355957
511 15.25971794128418
512 15.228557586669922
513 15.279668807983398
514 15.258468627929688
515 15.28066349029541
516 15.25838565826416
517 15.261221885681152
518 15.279304504394531
519 15.27437686920166
520 15.272454261779785
521 15.254708290100098
522 15.275842666625977
523 15.264081001281738
524 15.292060852050781
525 15.259933471679688
526 15.264911651611328
527 15.251465797424316
528 15.253609657287598
529 15.243741989135742
530 15.263978004455566
531 15.284613609313965
532 15.265386581420898
533 15.281888008117676
534 15.250833511352539
535 15.283897399902344
536 15.263206481933594
537 15.272541999816895
538 15.256486892700195
539 15.254997253417969
540 15.283946990966797
541 15.272414207458496
542 15.294367790222168
543 15.288896560668945
544 15.29047966003418
545 15.302778244018555
546 15.275779724121094
547 15.285808563232422
548 15.263652801513672
549 15.274276733398438
550 15.278509140014648
551 15.266740798950195
552 15.269516944885254
553 15.268991470336914
554 15.281264305114746
555 15.291655540466309
556 15.237114906311035
557 15.31436824798584
558 15.292694091796875
559 15.309041023254395
560 15.272700309753418
561 15.292889595031738
562 15.284607887268066
563 15.267873764038086
564 15.261313438415527
565 15.280864715576172
566 15.284404754638672
567 15.289972305297852
568 15.28098201751709
569 15.279647827148438
570 15.260486602783203
571 15.297040939331055
572 15.2791109085083
573 15.311447143554688
574 15.288827896118164
575 15.300334930419922
576 15.279303550720215
577 15.278389930725098
578 15.30421257019043
579 15.304883003234863
580 15.277721405029297
581 15.309271812438965
582 15.277019500732422
583 15.303084373474121
584 15.312968254089355
585 15.285492897033691
586 15.30099868774414
587 15.305529594421387
588 15.29565715789795
589 15.324714660644531
590 15.29723072052002
591 15.308090209960938
592 15.278592109680176
593 15.309571266174316
594 15.313329696655273
595 15.292913436889648
596 15.264805793762207
597 15.161816596984863
598 15.185766220092773
599 15.228611946105957
600 15.250494956970215
601 15.102190971374512
602 15.034380912780762
603 15.136636734008789
604 15.162309646606445
605 15.146575927734375
606 15.167281150817871
607 15.042585372924805
608 14.917134284973145
609 15.03840160369873
610 15.06500244140625
611 15.020712852478027
612 14.964142799377441
613 14.839625358581543
614 14.6978759765625
615 14.6969633102417
616 14.629388809204102
617 14.56942081451416
618 14.636848449707031
619 14.658369064331055
620 14.627679824829102
621 14.6493501663208
622 14.62588882446289
623 14.66089916229248
624 14.681303024291992
625 14.69898509979248
626 14.763097763061523
627 14.813505172729492
628 14.761911392211914
629 14.718708038330078
630 14.602478981018066
631 14.596907615661621
632 14.680656433105469
633 14.737918853759766
634 14.728870391845703
635 14.717368125915527
636 14.759486198425293
637 14.79638671875
638 14.778388023376465
639 14.846728324890137
640 14.789438247680664
641 14.908647537231445
642 14.954784393310547
643 15.054082870483398
644 15.061002731323242
645 15.116964340209961
646 15.1641263961792
647 15.199875831604004
648 15.224949836730957
649 15.235992431640625
650 15.237412452697754
651 15.233890533447266
652 15.248577117919922
653 15.266000747680664
654 15.281658172607422
655 15.2774076461792
656 15.267693519592285
657 15.29879093170166
658 15.280450820922852
659 15.301177024841309
660 15.300975799560547
661 15.287341117858887
662 15.298434257507324
663 15.2838134765625
664 15.33207893371582
665 15.31539535522461
666 15.293347358703613
667 15.305652618408203
668 15.310057640075684
669 15.321357727050781
670 15.313182830810547
671 15.320211410522461
672 15.314104080200195
673 15.314236640930176
674 15.330225944519043
675 15.340460777282715
676 15.305157661437988
677 15.323229789733887
678 15.343043327331543
679 15.315138816833496
680 15.341750144958496
681 15.339397430419922
682 15.324642181396484
683 15.328166007995605
684 15.347580909729004
685 15.341217994689941
686 15.325746536254883
687 15.329460144042969
688 15.328483581542969
689 15.387171745300293
690 15.321516036987305
691 15.369429588317871
692 15.328157424926758
693 15.362236022949219
694 15.352806091308594
695 15.352033615112305
696 15.336923599243164
697 15.3372220993042
698 15.35983657836914
699 15.360590934753418
700 15.34312915802002
701 15.340662002563477
702 15.369528770446777
703 15.372217178344727
704 15.381159782409668
705 15.353818893432617
706 15.37791919708252
707 15.364819526672363
708 15.334504127502441
709 15.348268508911133
710 15.36722469329834
711 15.378798484802246
712 15.363370895385742
713 15.338517189025879
714 15.371774673461914
715 15.34811782836914
716 15.350275993347168
717 15.389237403869629
718 15.377500534057617
719 15.367508888244629
720 15.33950138092041
721 15.36069107055664
722 15.373087882995605
723 15.387598037719727
724 15.356513023376465
725 15.390690803527832
726 15.342987060546875
727 15.373641967773438
728 15.391501426696777
729 15.395843505859375
730 15.37454891204834
731 15.383313179016113
732 15.374029159545898
733 15.38298511505127
734 15.367964744567871
735 15.390107154846191
736 15.3757963180542
737 15.355466842651367
738 15.388886451721191
739 15.365608215332031
740 15.384361267089844
741 15.378679275512695
742 15.368141174316406
743 15.366789817810059
744 15.385204315185547
745 15.418516159057617
746 15.388346672058105
747 15.369795799255371
748 15.380736351013184
749 15.36506175994873
750 15.386648178100586
751 15.376705169677734
752 15.410322189331055
753 15.411161422729492
754 15.386959075927734
755 15.417190551757812
756 15.39157772064209
757 15.413114547729492
758 15.38321304321289
759 15.387059211730957
760 15.38839340209961
761 15.38771915435791
762 15.408092498779297
763 15.409311294555664
764 15.400032043457031
765 15.38205337524414
766 15.387707710266113
767 15.38659381866455
768 15.37783432006836
769 15.393623352050781
770 15.398505210876465
771 15.410493850708008
772 15.402078628540039
773 15.398273468017578
774 15.392562866210938
775 15.416409492492676
776 15.401177406311035
777 15.402344703674316
778 15.38364315032959
779 15.407920837402344
780 15.386788368225098
781 15.408929824829102
782 15.38081169128418
783 15.406126022338867
784 15.391127586364746
785 15.425191879272461
786 15.386192321777344
787 15.403404235839844
788 15.389443397521973
789 15.379806518554688
790 15.40818977355957
791 15.389669418334961
792 15.414130210876465
793 15.400786399841309
794 15.408783912658691
795 15.381802558898926
796 15.411938667297363
797 15.407997131347656
798 15.398238182067871
799 15.408900260925293
800 15.392182350158691
801 15.413887023925781
802 15.404803276062012
803 15.390721321105957
804 15.4105863571167
805 15.41571044921875
806 15.409048080444336
807 15.408978462219238
808 15.393238067626953
809 15.431720733642578
810 15.41392707824707
811 15.420560836791992
812 15.405702590942383
813 15.408650398254395
814 15.41608715057373
815 15.4093599319458
816 15.407833099365234
817 15.409390449523926
818 15.418144226074219
819 15.438511848449707
820 15.411321640014648
821 15.406665802001953
822 15.43376350402832
823 15.436559677124023
824 15.417282104492188
825 15.413119316101074
826 15.4276704788208
827 15.394890785217285
828 15.39551067352295
829 15.395240783691406
830 15.429486274719238
831 15.41015338897705
832 15.416075706481934
833 15.417021751403809
834 15.416687965393066
835 15.426214218139648
836 15.45732307434082
837 15.38139533996582
838 15.440125465393066
839 15.424938201904297
840 15.440016746520996
841 15.42882251739502
842 15.430375099182129
843 15.401217460632324
844 15.442174911499023
845 15.400315284729004
846 15.455584526062012
847 15.426286697387695
848 15.432906150817871
849 15.443513870239258
850 15.412290573120117
851 15.424888610839844
852 15.428984642028809
853 15.413599014282227
854 15.428427696228027
855 15.449774742126465
856 15.447762489318848
857 15.426848411560059
858 15.443765640258789
859 15.424530029296875
860 15.44156551361084
861 15.440020561218262
862 15.451286315917969
863 15.443998336791992
864 15.430572509765625
865 15.413765907287598
866 15.427840232849121
867 15.4217529296875
868 15.416939735412598
869 15.430257797241211
870 15.419644355773926
871 15.440435409545898
872 15.441770553588867
873 15.454989433288574
874 15.430071830749512
875 15.410436630249023
876 15.436946868896484
877 15.418083190917969
878 15.444674491882324
879 15.449502944946289
880 15.424924850463867
881 15.465802192687988
882 15.439522743225098
883 15.420138359069824
884 15.458745956420898
885 15.44947624206543
886 15.43111801147461
887 15.442248344421387
888 15.429329872131348
889 15.438308715820312
890 15.423480033874512
891 15.450166702270508
892 15.443817138671875
893 15.453780174255371
894 15.459550857543945
895 15.446813583374023
896 15.483857154846191
897 15.430706977844238
898 15.435744285583496
899 15.43604564666748
900 15.45922565460205
901 15.452465057373047
902 15.44604206085205
903 15.476337432861328
904 15.452682495117188
905 15.453780174255371
906 15.439268112182617
907 15.445240020751953
908 15.463398933410645
909 15.458107948303223
910 15.428060531616211
911 15.468038558959961
912 15.45507526397705
913 15.44801139831543
914 15.438741683959961
915 15.461432456970215
916 15.438874244689941
917 15.470719337463379
918 15.459003448486328
919 15.459063529968262
